0 0.63359375 0.29453125 0.178125 0.096875
0 0.7421875 0.3609375 0.1390625 0.08125
0 0.7078125 0.3203125 0.059375 0.046875
0 0.7515625 0.3234375 0.103125 0.075
0 0.809375 0.32578125 0.096875 0.0609375
0 0.7953125 0.26328125 0.134375 0.1140625
0 0.81640625 0.39765625 0.1421875 0.115625
0 0.85703125 0.4515625 0.0890625 0.065625
0 0.80859375 0.43125 0.1359375 0.0828125
0 0.88125 0.54140625 0.075 0.059375
0 0.92109375 0.68203125 0.14375 0.090625
0 0.93125 0.74921875 0.1375 0.0921875
0 0.97109375 0.8328125 0.0578125 0.090625