0 0.3390625 0.68515625 0.0921875 0.1765625
0 0.43359375 0.77109375 0.0765625 0.1375
0 0.384375 0.74921875 0.0453125 0.059375
0 0.39921875 0.78984375 0.071875 0.1015625
0 0.41796875 0.8453125 0.0578125 0.0953125
0 0.35390625 0.84921875 0.1109375 0.13125
0 0.4890625 0.83203125 0.1125 0.1390625
0 0.5515625 0.85625 0.0625 0.0875
0 0.51875 0.815625 0.0796875 0.134375
0 0.6453125 0.85546875 0.0578125 0.075
0 0.790625 0.8546875 0.084375 0.1421875
0 0.86171875 0.85625 0.0875 0.15625
0 0.95703125 0.88828125 0.0859375 0.1109375