0 0.68203125 0.6640625 0.07265625 0.16953125
0 0.59921875 0.7609375 0.0609375 0.13125
0 0.6453125 0.73359375 0.0390625 0.0546875
0 0.63515625 0.77578125 0.0609375 0.0953125
0 0.6234375 0.8328125 0.046875 0.09140625
0 0.6875 0.82890625 0.096875 0.1203125
0 0.5515625 0.828125 0.09609375 0.128125
0 0.4921875 0.86015625 0.053125 0.08125
0 0.51953125 0.815625 0.0640625 0.12890625
0 0.39921875 0.8703125 0.05078125 0.06875
0 0.2546875 0.8875 0.06953125 0.13359375
0 0.184375 0.89765625 0.0703125 0.1484375
0 0.09296875 0.94140625 0.07421875 0.10390625